{
 "cells": [
  {
   "cell_type": "code",
   "execution_count": 10,
   "metadata": {},
   "outputs": [],
   "source": [
    "import bnpy\n",
    "import numpy as np\n",
    "import os\n",
    "import copy\n",
    "import matplotlib.pyplot as plt\n",
    "import seaborn as sns\n",
    "\n",
    "FIG_SIZE = (15, 8)\n",
    "plt.rcParams['figure.figsize'] = FIG_SIZE\n",
    "# %qtconsole\n",
    "\n",
    "# dataset_path = os.path.join('..', 'data')\n",
    "# all_data = bnpy.data.XData.read_csv(os.path.join(dataset_path, 'anomaly0245.csv'))\n",
    "\n",
    "%qtconsole\n",
    "\n",
    "# Prepare Data\n",
    "\n",
    "Create training data and new batch data for simple test.\n",
    "\n",
    "dataset_path = os.path.join('/home/torenvln/git/bnp-anomaly/', 'data')\n",
    "all_data = bnpy.data.XData.read_csv(os.path.join(dataset_path, 'anomaly0245.csv'))\n",
    "train_dataset = all_data.make_subset(example_id_list=list(range(100000,150000)))\n",
    "new_batch = all_data.make_subset(example_id_list=list(range(150000, 200000)))\n",
    "\n",
    "###############################################################################\n",
    "# Generate time series with regime switching.\n",
    "num_regime = 3\n",
    "regime_noise = [0.1, 5, 1]\n",
    "regime_loc = [10,5,0]\n",
    "num_ts_samp = 5000  # number of data point\n",
    "prop = [0.5, 0.3, 0.2]  # proportion of time in a regime\n",
    "\n",
    "obs = []\n",
    "cur_num = 0\n",
    "while cur_num <= num_ts_samp:\n",
    "    new_samp = np.random.poisson(100)\n",
    "    reg_choice = np.random.randint(3)\n",
    "    reg_obs = np.random.normal(regime_loc[reg_choice], regime_noise[reg_choice], new_samp)\n",
    "    obs.append(reg_obs)\n",
    "    cur_num += new_samp\n",
    "\n",
    "obs = np.concatenate(obs)\n",
    "\n",
    "train_dataset = bnpy.data.XData(obs.reshape(-1,1))\n",
    "\n",
    "new_obs = np.random.normal(0, regime_noise[0], 100) + regime_loc[0]\n",
    "\n",
    "new_batch = bnpy.data.XData(new_obs.reshape(-1,1))\n",
    "\n",
    "plt.plot(obs)\n",
    "plt.show()"
   ]
  },
  {
   "cell_type": "markdown",
   "metadata": {},
   "source": [
    "# Train model\n",
    "\n",
    "Lots of hyper-parameters that can be tuned and changed to improve model learning."
   ]
  },
  {
   "cell_type": "code",
   "execution_count": 11,
   "metadata": {
    "scrolled": true
   },
   "outputs": [
    {
     "name": "stdout",
     "output_type": "stream",
     "text": [
      "WARNING: Found unrecognized keyword args. These are ignored.\n",
      "  --ts\n",
      "Dataset Summary:\n",
      "X Data\n",
      "  total size: 5087 units\n",
      "  batch size: 51 units\n",
      "  num. batches: 100\n",
      "Allocation Model:  DP mixture with K=0. Concentration gamma0= 1.00\n",
      "Obs. Data  Model:  Gaussian with diagonal covariance.\n",
      "Obs. Data  Prior:  independent Gauss-Wishart prior on each dimension\n",
      "  Wishart params \n",
      "    nu = 3 \n",
      "  beta = [ 1] \n",
      "  Expectations\n",
      "  E[  mean[k]] = \n",
      "  [ 0]\n",
      "  E[ covar[k]] = \n",
      "  [[1.]]\n",
      "Initialization:\n",
      "  initname = randexamplesbydist\n",
      "  K = 10 (number of clusters)\n",
      "  seed = 1607680\n",
      "  elapsed_time: 0.0 sec\n",
      "Learn Alg: memoVB | task  1/1 | alg. seed: 1607680 | data order seed: 8541952\n",
      "task_output_path: /tmp/faithful/trymoves-K=10-gamma=1.0-lik=DiagGauss-ECovMat=1.0*eye-moves=none/1\n",
      "MERGE @ lap 1.00: Disabled. Cannot plan merge on first lap. Need valid SS that represent whole dataset.\n",
      "DELETE @ lap 1.00: Disabled. Cannot delete before first complete lap, because SS that represents whole dataset is required.\n",
      "    0.010/10 after      0 sec. |    168.0 MiB | K   10 | loss  2.552374899e+00 |  \n",
      "    0.020/10 after      1 sec. |    168.0 MiB | K   10 | loss  2.041517114e+00 |  \n",
      "    0.030/10 after      1 sec. |    168.0 MiB | K   10 | loss  1.853359359e+00 |  \n",
      "BIRTH @ lap 1.00 : Added 2 states. 1/426 succeeded. 43/426 failed eval phase. 382/426 failed build phase.\n",
      "    1.000/10 after     33 sec. |    168.9 MiB | K   12 | loss  2.238636332e+00 |  \n",
      "BIRTH @ lap 2.000 : None attempted. 0 past failures. 0 too small. 12 too busy.\n",
      "DELETE @ lap 2.00: 0/1 accepted. Ndiff 0.00.\n",
      "MERGE @ lap 2.00 : 4/14 accepted. Ndiff 390.82. 16 skipped.\n",
      "    2.000/10 after     34 sec. |    169.2 MiB | K    8 | loss  2.132225797e+00 | Ndiff    8.395 \n",
      "BIRTH @ lap 3.000 : None attempted. 0 past failures. 0 too small. 8 too busy.\n",
      "DELETE @ lap 3.00: 0/1 accepted. Ndiff 0.00.\n",
      "MERGE @ lap 3.00 : 1/11 accepted. Ndiff 221.27. 6 skipped.\n",
      "    3.000/10 after     35 sec. |    169.2 MiB | K    7 | loss  2.126125445e+00 | Ndiff    1.788 \n",
      "BIRTH @ lap 4.000 : None attempted. 0 past failures. 0 too small. 7 too busy.\n",
      "DELETE @ lap 4.00: 0/1 accepted. Ndiff 0.00.\n",
      "MERGE @ lap 4.00 : 2/4 accepted. Ndiff 350.76. 7 skipped.\n",
      "    4.000/10 after     36 sec. |    169.2 MiB | K    5 | loss  2.122081071e+00 | Ndiff    0.842 \n",
      "BIRTH @ lap 5.000 : None attempted. 0 past failures. 0 too small. 5 too busy.\n",
      "DELETE @ lap 5.00: 0/1 accepted. Ndiff 0.00.\n",
      "MERGE @ lap 5.00 : 2/4 accepted. Ndiff 88.43. 1 skipped.\n",
      "    5.000/10 after     37 sec. |    169.2 MiB | K    3 | loss  2.119630418e+00 | Ndiff    0.658 \n",
      "BIRTH @ lap 6.000 : None attempted. 0 past failures. 0 too small. 3 too busy.\n",
      "DELETE @ lap 6.00: 0/1 accepted. Ndiff 0.00.\n",
      "MERGE @ lap 6.00 : 0/2 accepted. Ndiff 0.00. 0 skipped.\n",
      "    6.000/10 after     38 sec. |    169.2 MiB | K    3 | loss  2.118432884e+00 | Ndiff    0.855 \n",
      "MERGE @ lap 7.00: No promising candidates, so no attempts.\n",
      "DELETE @ lap 7.00: Empty plan. 0 UIDs eligible as delete target. 0 too busy with other moves. 0 too big. 3 have past failures.\n",
      "BIRTH @ lap 7.00 : Added 0 states. 0/2 succeeded. 1/2 failed eval phase. 1/2 failed build phase.\n",
      "    7.000/10 after     44 sec. |    169.2 MiB | K    3 | loss  2.118308193e+00 | Ndiff    0.297 \n",
      "MERGE @ lap 8.00: No promising candidates, so no attempts.\n",
      "BIRTH @ lap 8.000 : None attempted. 0 past failures. 0 too small. 3 too busy.\n",
      "DELETE @ lap 8.00: 0/1 accepted. Ndiff 0.00.\n",
      "    8.000/10 after     45 sec. |    169.2 MiB | K    3 | loss  2.118283912e+00 | Ndiff    0.158 \n",
      "BIRTH @ lap 9.000 : None attempted. 0 past failures. 0 too small. 3 too busy.\n",
      "DELETE @ lap 9.00: 0/1 accepted. Ndiff 0.00.\n",
      "MERGE @ lap 9.00 : 0/2 accepted. Ndiff 0.00. 0 skipped.\n",
      "    9.000/10 after     45 sec. |    169.2 MiB | K    3 | loss  2.118277987e+00 | Ndiff    0.084 \n",
      "MERGE @ lap 10.00: No promising candidates, so no attempts.\n",
      "BIRTH @ lap 10.000 : None attempted. 0 past failures. 0 too small. 3 too busy.\n",
      "DELETE @ lap 10.00: 0/1 accepted. Ndiff 0.00.\n",
      "   10.000/10 after     46 sec. |    169.2 MiB | K    3 | loss  2.118276493e+00 | Ndiff    0.042 \n",
      "... done. not converged. max laps thru data exceeded.\n"
     ]
    }
   ],
   "source": [
    "###############################################################################\n",
    "#\n",
    "# *DiagGauss* observation model\n",
    "# --------------------------------------------\n",
    "#\n",
    "\n",
    "gamma = 1.0\n",
    "sF = 1.0\n",
    "K = 10  # Initialize K component\n",
    "\n",
    "trained_model, info_dict = bnpy.run(\n",
    "    train_dataset, 'DPMixtureModel', 'DiagGauss', 'memoVB',\n",
    "    output_path=f'/tmp/faithful/trymoves-K={K}-gamma={gamma}-lik=DiagGauss-ECovMat={sF}*eye-moves=none/',\n",
    "    nLap=10, nTask=1, nBatch=100, convergeThr=0.0001,\n",
    "    gamma0=gamma, sF=sF, ECovMat='eye',\n",
    "    moves='birth,merge,delete,shuffle',\n",
    "    K=K, initname='randexamplesbydist', ts=True)"
   ]
  },
  {
   "cell_type": "markdown",
   "metadata": {},
   "source": [
    "# New Operations  \n",
    "\n",
    "- Only done on replacing the batchSS.\n",
    "- There are SS specific copy operations, find out and used them  \n",
    "- [] Figure out calculation of propXSS which is needed for anomaly detection."
   ]
  },
  {
   "cell_type": "code",
   "execution_count": 12,
   "metadata": {},
   "outputs": [],
   "source": [
    "# Get the learned SS from model and info dict\n",
    "\n",
    "S_k0 = copy.deepcopy(info_dict[\"SS\"])  # This is the S_k0, sufficient statistics of the component of entire dataset\n",
    "SSmemory = copy.deepcopy(info_dict[\"SSmemory\"])  # Dictionary of SS for all batches"
   ]
  },
  {
   "cell_type": "code",
   "execution_count": 16,
   "metadata": {},
   "outputs": [
    {
     "data": {
      "text/plain": [
       "{'K': 7,\n",
       " 'D': 1,\n",
       " '_FieldDims': {'nu': 'K', 'kappa': 'K', 'm': ('K', 'D'), 'beta': ('K', 'D')},\n",
       " 'doCollapseK1': False,\n",
       " 'nu': array([2221.15623475, 1332.37679546,  728.83355221,  371.40288251,\n",
       "         220.61533857,  152.78537918,   84.82981732]),\n",
       " 'kappa': array([2218.15633475, 1329.37689546,  725.83365221,  368.40298251,\n",
       "         217.61543857,  149.78547918,   81.82991732]),\n",
       " 'm': array([[-0.06266333],\n",
       "        [ 9.99992447],\n",
       "        [ 3.63622272],\n",
       "        [ 7.55555567],\n",
       "        [-3.12579239],\n",
       "        [11.1949591 ],\n",
       "        [14.38424234]]),\n",
       " 'beta': array([[2281.83617337],\n",
       "        [  15.14801516],\n",
       "        [2873.95958047],\n",
       "        [ 823.28336491],\n",
       "        [1563.6985726 ],\n",
       "        [ 164.34283229],\n",
       "        [ 247.12494808]])}"
      ]
     },
     "execution_count": 16,
     "metadata": {},
     "output_type": "execute_result"
    }
   ],
   "source": [
    "vars(trained_model.obsModel.Post)"
   ]
  },
  {
   "cell_type": "code",
   "execution_count": 13,
   "metadata": {},
   "outputs": [],
   "source": [
    "# Intuitively, this step calculates how well the current model explains new batch of data. \n",
    "\n",
    "LP = trained_model.calc_local_params(new_batch)  # Calculation of responsibility, needed for next step\n",
    "SS_new = trained_model.get_global_suff_stats(new_batch, LP)  # Calculation of SS for new data\n",
    "\n",
    "# Hopefully, this SS_new will/should be quite different from S_k0 if new_batch has anomaly."
   ]
  },
  {
   "cell_type": "code",
   "execution_count": 24,
   "metadata": {},
   "outputs": [
    {
     "data": {
      "text/plain": [
       "array([[1.58436818e-22, 2.09344710e-02, 9.79065529e-01],\n",
       "       [2.30339672e-23, 2.11209129e-02, 9.78879087e-01],\n",
       "       [2.60631633e-23, 1.50168137e-02, 9.84983186e-01],\n",
       "       [3.54915621e-23, 1.32110545e-02, 9.86788945e-01],\n",
       "       [2.37584570e-23, 1.75939779e-02, 9.82406022e-01],\n",
       "       [3.25343441e-23, 1.33777903e-02, 9.86622210e-01],\n",
       "       [2.33534623e-23, 1.87887864e-02, 9.81211214e-01],\n",
       "       [2.33867097e-23, 2.70552571e-02, 9.72944743e-01],\n",
       "       [5.14682058e-23, 1.36389615e-02, 9.86361039e-01],\n",
       "       [2.73401711e-23, 1.44054834e-02, 9.85594517e-01],\n",
       "       [2.78835270e-23, 1.42140374e-02, 9.85785963e-01],\n",
       "       [5.08658718e-23, 1.36058913e-02, 9.86394109e-01],\n",
       "       [3.46887123e-23, 1.32405821e-02, 9.86759418e-01],\n",
       "       [4.09545455e-22, 3.50176244e-02, 9.64982376e-01],\n",
       "       [3.24925953e-23, 7.55299711e-02, 9.24470029e-01],\n",
       "       [4.20305280e-23, 1.33561364e-01, 8.66438636e-01],\n",
       "       [1.70850546e-22, 2.17331152e-02, 9.78266885e-01],\n",
       "       [4.77501925e-23, 1.34464693e-02, 9.86553531e-01],\n",
       "       [5.07058438e-23, 1.35972150e-02, 9.86402785e-01],\n",
       "       [4.11533083e-23, 1.32067244e-02, 9.86793276e-01],\n",
       "       [3.12052505e-23, 1.35193730e-02, 9.86480627e-01],\n",
       "       [3.29381418e-23, 1.33444655e-02, 9.86655535e-01],\n",
       "       [4.30429215e-23, 1.32571027e-02, 9.86742897e-01],\n",
       "       [5.15464539e-23, 1.36433040e-02, 9.86356696e-01],\n",
       "       [2.46658388e-23, 1.61626507e-02, 9.83837349e-01],\n",
       "       [1.47825244e-22, 2.02397683e-02, 9.79760232e-01],\n",
       "       [4.26329777e-23, 1.32446442e-02, 9.86755356e-01],\n",
       "       [2.70855886e-23, 4.73534601e-02, 9.52646540e-01],\n",
       "       [2.30136446e-23, 2.24376419e-02, 9.77562358e-01],\n",
       "       [1.92925139e-22, 2.31181405e-02, 9.76881859e-01],\n",
       "       [3.36316809e-22, 3.12664045e-02, 9.68733596e-01],\n",
       "       [3.07706979e-23, 1.35782608e-02, 9.86421739e-01],\n",
       "       [4.50957731e-23, 1.33302480e-02, 9.86669752e-01],\n",
       "       [2.30199535e-23, 2.14771112e-02, 9.78522889e-01],\n",
       "       [7.72259233e-23, 1.53460075e-02, 9.84653992e-01],\n",
       "       [2.57561030e-23, 1.52115525e-02, 9.84788448e-01],\n",
       "       [2.67254783e-23, 1.46662379e-02, 9.85333762e-01],\n",
       "       [4.38991764e-23, 1.32855472e-02, 9.86714453e-01],\n",
       "       [1.94192452e-22, 2.31963605e-02, 9.76803639e-01],\n",
       "       [6.09618286e-23, 1.42222806e-02, 9.85777719e-01],\n",
       "       [2.80398368e-23, 1.41646011e-02, 9.85835399e-01],\n",
       "       [4.35261907e-23, 1.32727692e-02, 9.86727231e-01],\n",
       "       [6.00341731e-23, 1.41615171e-02, 9.85838483e-01],\n",
       "       [1.39808080e-22, 1.97073157e-02, 9.80292684e-01],\n",
       "       [2.41309316e-23, 1.68856040e-02, 9.83114396e-01],\n",
       "       [3.05344378e-23, 1.36133446e-02, 9.86386655e-01],\n",
       "       [2.94570255e-23, 5.94167727e-02, 9.40583227e-01],\n",
       "       [2.33132841e-23, 1.89561690e-02, 9.81043831e-01],\n",
       "       [3.60025732e-23, 1.31971291e-02, 9.86802871e-01],\n",
       "       [2.49471150e-23, 1.58666099e-02, 9.84133390e-01],\n",
       "       [3.95187712e-23, 1.31799252e-02, 9.86820075e-01],\n",
       "       [3.09366291e-23, 6.71536954e-02, 9.32846305e-01],\n",
       "       [8.81184203e-23, 1.61217351e-02, 9.83878265e-01],\n",
       "       [7.47445527e-23, 1.51703676e-02, 9.84829632e-01],\n",
       "       [3.84805349e-23, 1.31729081e-02, 9.86827092e-01],\n",
       "       [2.83291406e-23, 5.36416588e-02, 9.46358341e-01],\n",
       "       [1.43681117e-22, 1.99653675e-02, 9.80034632e-01],\n",
       "       [3.25514405e-23, 1.33762970e-02, 9.86623703e-01],\n",
       "       [1.43029128e-22, 1.99220356e-02, 9.80077964e-01],\n",
       "       [1.17974290e-22, 1.82233224e-02, 9.81776678e-01],\n",
       "       [7.06721984e-23, 1.48842014e-02, 9.85115799e-01],\n",
       "       [2.19416175e-22, 2.47260649e-02, 9.75273935e-01],\n",
       "       [6.91591144e-22, 4.79206510e-02, 9.52079349e-01],\n",
       "       [4.29316812e-23, 1.32536446e-02, 9.86746355e-01],\n",
       "       [1.96458779e-22, 2.33359041e-02, 9.76664096e-01],\n",
       "       [2.50354166e-23, 1.57823940e-02, 9.84217606e-01],\n",
       "       [4.13209782e-22, 3.51998180e-02, 9.64800182e-01],\n",
       "       [6.10392638e-23, 1.42273790e-02, 9.85772621e-01],\n",
       "       [9.67639311e-23, 1.67368459e-02, 9.83263154e-01],\n",
       "       [4.18754788e-23, 1.32237803e-02, 9.86776220e-01],\n",
       "       [6.03820373e-22, 4.41131154e-02, 9.55886885e-01],\n",
       "       [4.63809650e-23, 1.33838650e-02, 9.86616135e-01],\n",
       "       [2.66594876e-23, 1.46975648e-02, 9.85302435e-01],\n",
       "       [1.37608456e-21, 7.38717199e-02, 9.26128280e-01],\n",
       "       [2.55200728e-23, 1.53787530e-02, 9.84621247e-01],\n",
       "       [2.30589354e-23, 2.36629166e-02, 9.76337083e-01],\n",
       "       [6.73250342e-23, 1.46519028e-02, 9.85348097e-01],\n",
       "       [2.31920480e-23, 1.95747035e-02, 9.80425296e-01],\n",
       "       [2.80271955e-22, 2.82300493e-02, 9.71769951e-01],\n",
       "       [3.82763697e-23, 1.31725802e-02, 9.86827420e-01],\n",
       "       [2.58501835e-23, 1.51493366e-02, 9.84850663e-01],\n",
       "       [3.15089637e-23, 1.34822087e-02, 9.86517791e-01],\n",
       "       [2.57060727e-23, 4.03676080e-02, 9.59632392e-01],\n",
       "       [6.43765322e-23, 1.44504348e-02, 9.85549565e-01],\n",
       "       [2.41108918e-23, 3.18054753e-02, 9.68194525e-01],\n",
       "       [3.37377374e-23, 1.32894996e-02, 9.86710500e-01],\n",
       "       [3.20022458e-23, 1.34281729e-02, 9.86571827e-01],\n",
       "       [4.71656133e-22, 3.80439806e-02, 9.61956019e-01],\n",
       "       [1.44319730e-22, 2.00077679e-02, 9.79992232e-01],\n",
       "       [2.30270054e-23, 2.29732315e-02, 9.77026769e-01],\n",
       "       [2.09401027e-22, 2.41247194e-02, 9.75875281e-01],\n",
       "       [1.39536506e-22, 1.96891629e-02, 9.80310837e-01],\n",
       "       [4.79141443e-23, 1.34543050e-02, 9.86545695e-01],\n",
       "       [3.32121452e-23, 1.33240588e-02, 9.86675941e-01],\n",
       "       [3.86710517e-23, 1.31735394e-02, 9.86826461e-01],\n",
       "       [3.21211794e-23, 1.34162331e-02, 9.86583767e-01],\n",
       "       [4.59381614e-23, 1.33647885e-02, 9.86635212e-01],\n",
       "       [2.64807555e-23, 4.43024812e-02, 9.55697519e-01],\n",
       "       [2.69499209e-23, 1.45648213e-02, 9.85435179e-01],\n",
       "       [8.74960512e-23, 1.60773595e-02, 9.83922641e-01]])"
      ]
     },
     "execution_count": 24,
     "metadata": {},
     "output_type": "execute_result"
    }
   ],
   "source": [
    "LP[\"resp\"]"
   ]
  },
  {
   "cell_type": "code",
   "execution_count": 21,
   "metadata": {},
   "outputs": [
    {
     "data": {
      "text/plain": [
       "{'K': 7,\n",
       " 'D': 1,\n",
       " 'M': 6,\n",
       " '_FieldDims': {'N': 'K', 'x': ('K', 'D'), 'xx': ('K', 'D')},\n",
       " 'doCollapseK1': False,\n",
       " 'N': array([ 8.80349014,  9.66939746, 16.83822782, 10.00442757,  0.51769188,\n",
       "         3.59990598,  1.56685915]),\n",
       " 'x': array([[3.01977946e+00],\n",
       "        [9.67313728e+01],\n",
       "        [6.89816878e+01],\n",
       "        [7.38534871e+01],\n",
       "        [6.14941902e-02],\n",
       "        [4.19433639e+01],\n",
       "        [2.16157387e+01]]),\n",
       " 'xx': array([[ 18.32343976],\n",
       "        [967.83722173],\n",
       "        [328.76091808],\n",
       "        [560.6789347 ],\n",
       "        [  2.41313871],\n",
       "        [490.72572708],\n",
       "        [301.00660995]])}"
      ]
     },
     "execution_count": 21,
     "metadata": {},
     "output_type": "execute_result"
    }
   ],
   "source": [
    "vars(SSmemory[1]._Fields)"
   ]
  },
  {
   "cell_type": "code",
   "execution_count": 22,
   "metadata": {},
   "outputs": [],
   "source": [
    "# Replace with Queue System\n",
    "nBatch = len(SSmemory.keys())\n",
    "SSmemory.pop(0)\n",
    "for ii in range(1,nBatch):\n",
    "    SSmemory[ii-1] = SSmemory.pop(ii)\n",
    "SSmemory[nBatch-1] = SS_new"
   ]
  },
  {
   "cell_type": "code",
   "execution_count": 23,
   "metadata": {},
   "outputs": [
    {
     "data": {
      "text/plain": [
       "{'K': 7,\n",
       " 'D': 1,\n",
       " 'M': 6,\n",
       " '_FieldDims': {'N': 'K', 'x': ('K', 'D'), 'xx': ('K', 'D')},\n",
       " 'doCollapseK1': False,\n",
       " 'N': array([ 8.80349014,  9.66939746, 16.83822782, 10.00442757,  0.51769188,\n",
       "         3.59990598,  1.56685915]),\n",
       " 'x': array([[3.01977946e+00],\n",
       "        [9.67313728e+01],\n",
       "        [6.89816878e+01],\n",
       "        [7.38534871e+01],\n",
       "        [6.14941902e-02],\n",
       "        [4.19433639e+01],\n",
       "        [2.16157387e+01]]),\n",
       " 'xx': array([[ 18.32343976],\n",
       "        [967.83722173],\n",
       "        [328.76091808],\n",
       "        [560.6789347 ],\n",
       "        [  2.41313871],\n",
       "        [490.72572708],\n",
       "        [301.00660995]])}"
      ]
     },
     "execution_count": 23,
     "metadata": {},
     "output_type": "execute_result"
    }
   ],
   "source": [
    "vars(SSmemory[0]._Fields)"
   ]
  },
  {
   "cell_type": "code",
   "execution_count": null,
   "metadata": {},
   "outputs": [],
   "source": []
  },
  {
   "cell_type": "code",
   "execution_count": null,
   "metadata": {},
   "outputs": [],
   "source": []
  },
  {
   "cell_type": "code",
   "execution_count": null,
   "metadata": {},
   "outputs": [],
   "source": []
  }
 ],
 "metadata": {
  "kernelspec": {
   "display_name": "Python 3",
   "language": "python",
   "name": "python3"
  },
  "language_info": {
   "codemirror_mode": {
    "name": "ipython",
    "version": 3
   },
   "file_extension": ".py",
   "mimetype": "text/x-python",
   "name": "python",
   "nbconvert_exporter": "python",
   "pygments_lexer": "ipython3",
   "version": "3.6.9"
  }
 },
 "nbformat": 4,
 "nbformat_minor": 4
}
